No.     name     n    m   |  lan: f       nf   ng  flag | MF0: f         nf  ng  iter flag |  MF2: f       nf   ng  iter flag |  MF4: f       nf   ng iter  flag |  MF6: f       nf   ng iter  flag
  1  AIRCRFTA    8    5:  |  2.6126e-18    4    5     0 |  0.0000e+00    3    3    2     2 |  0.0000e+00    3    3    2     2 |  0.0000e+00    3    3    2     2 |  0.0000e+00    3    3    2     2
  2   ARGTRIG  200  200:  |  1.4985e-17   16   15     0 |  0.0000e+00    4    4    3     2 |  0.0000e+00    4    4    3     2 |  0.0000e+00    4    4    3     2 |  0.0000e+00    4    4    3     2
  3     ARTIF   12   10:  |  1.7122e-15   14   11     0 |  0.0000e+00  447   49   48     2 |  0.0000e+00   70   42   41     2 |  0.0000e+00   13   13   12     2 |  0.0000e+00   13   13   12     2
  4     ARTIF  102  100:  |  9.1032e-12   33   25     0 |  0.0000e+00 1001   87   86     0 |  0.0000e+00 1001  369  368     2 |  0.0000e+00 1001  520  519     0 |  0.0000e+00  753  406  405     2
  5     AUG2D  220  100:  |  1.1080e+02   17   18     0 |  1.1080e+02   19   19   18     2 |  1.1080e+02   19   19   18     2 |  1.1080e+02   19   19   18     2 |  1.1080e+02   19   19   18     2
  6    AUG2DC  220  100:  |  1.8424e+02   17   18     0 |  1.8424e+02    2    2    1     2 |  1.8424e+02    2    2    1     2 |  1.8424e+02    2    2    1     2 |  1.8424e+02    2    2    1     2
  7   BDVALUE  102  100:  |  6.3525e-10    1    2     0 |  0.0000e+00    3    3    2     2 |  0.0000e+00    3    3    2     2 |  0.0000e+00    3    3    2     2 |  0.0000e+00    3    3    2     2
  8  BDVALUES  102  100:  |  4.6599e-05   25   26     8 |  0.0000e+00   15   15   14     2 |  0.0000e+00   15   15   14     2 |  0.0000e+00   15   15   14     2 |  0.0000e+00   15   15   14     2
  9     BOOTH    2    2:  |  0.0000e+00    3    4     0 |  0.0000e+00    2    2    1     2 |  0.0000e+00    2    2    1     2 |  0.0000e+00    2    2    1     2 |  0.0000e+00    2    2    1     2
 10   BRATU2D   49   25:  |  1.1397e-12    4    5     0 |  0.0000e+00    4    4    3     2 |  0.0000e+00    4    4    3     2 |  0.0000e+00    4    4    3     2 |  0.0000e+00    4    4    3     2
 11  BRATU2DT   49   25:  |  2.2427e-04    8    9     8 |  0.0000e+00 1001   46   45     0 |  0.0000e+00 1001  105  104     0 |  0.0000e+00 1001  145  144     0 |  0.0000e+00 1001  175  174     0
 12   BRATU3D   27    1:  |  1.2021e-15    4    5     0 |  0.0000e+00    4    4    3     2 |  0.0000e+00    4    4    3     2 |  0.0000e+00    4    4    3     2 |  0.0000e+00    4    4    3     2
 13  BROWNALE  200  200:  |  1.4888e-09    3    4     0 |  0.0000e+00    3    3    2     2 |  0.0000e+00    3    3    2     2 |  0.0000e+00    3    3    2     2 |  0.0000e+00    3    3    2     2
 14  BROYDN3D   10   10:  |  3.1082e-17    5    6     0 |  0.0000e+00    5    5    4     2 |  0.0000e+00    5    5    4     2 |  0.0000e+00    5    5    4     2 |  0.0000e+00    5    5    4     2
 15       BT1    2    1:  | -1.0000e+00   53   46     0 | -9.9960e-01    9    6    5     2 | -9.9960e-01   11    9    8     2 | -1.0000e+00    8    8    7     2 | -1.0000e+00    8    8    7     2
 16      BT10    2    2:  | -1.0000e+00   17   18     0 | -1.0000e+00    7    7    6     2 | -1.0000e+00    7    7    6     2 | -1.0000e+00    7    7    6     2 | -1.0000e+00    7    7    6     2
 17      BT11    5    3:  |  8.2489e-01   19   20     0 |  8.2489e-01   18   13   12     2 |  8.2489e-01   22   19   18     2 |  8.2489e-01   37   33   32     2 |  8.2489e-01   38   31   30     2
 18      BT12    5    3:  |  6.1881e+00   18   18     0 |  6.1881e+00   11    8    7     2 |  6.1881e+00    8    8    7     2 |  6.1881e+00    8    8    7     2 |  6.1881e+00    8    8    7     2
 19       BT2    3    1:  |  3.2568e-02   27   27     0 |  3.2568e-02   76   22   21     2 |  2.1897e+00  180   46   45     2 |  2.1897e+00  159   45   44     2 |  2.1897e+00  159   45   44     2
 20       BT3    5    3:  |  4.0930e+00    9   10     0 |  4.0930e+00    8    8    7     2 |  4.0930e+00    8    8    7     2 |  4.0930e+00    8    8    7     2 |  4.0930e+00    8    8    7     2
 21       BT4    3    2:  | -4.5511e+01   23   23     0 | -4.5511e+01   22   10    9     2 | -4.5511e+01   15   15   14     2 | -4.5511e+01   41   26   25     2 | -4.5511e+01   43   28   27     2
 22       BT5    3    2:  |  9.6172e+02   18   18     0 |  9.6172e+02    9    8    7     2 |  9.6172e+02   10   10    9     2 |  9.6172e+02   10   10    9     2 |  9.6172e+02   10   10    9     2
 23       BT6    5    2:  |  2.7705e-01   28   25     0 |  8.5334e+00   82   40   39     2 |  4.8777e+00  108   72   71     2 |  1.0613e+01  109   54   53     2 |  2.7704e-01  109   55   54     2
 24       BT7    5    3:  |  3.0650e+02   48   47     0 |  3.0650e+02  300   44   43     2 |  1.8067e-01  662  120  119    -1 |  1.2707e+01 1001  225  224     0 |  4.4647e+11 1001  276  275     0
 25       BT8    5    2:  |  1.0000e+00   28   26     0 |  1.0000e+00   11   11   10     2 |  1.0000e+00   11   11   10     2 |  1.0000e+00   11   11   10     2 |  1.0000e+00   11   11   10     2
 26       BT9    4    2:  | -1.0000e+00   20   21     0 | -1.0000e+00   25   19   18     2 | -1.0000e+00   29   27   26     2 | -1.0000e+00   49   42   41     2 | -1.0000e+00   55   48   47     2
 27  BYRDSPHR    3    2:  | -4.6833e+00   45   41     0 | -4.6833e+00   18    9    8     2 | -4.6833e+00    8    8    7     2 | -4.6833e+00    8    8    7     2 | -4.6833e+00    8    8    7     2
 28  CBRATU2D   32    8:  |  6.5631e-17    4    5     0 |  0.0000e+00    4    4    3     2 |  0.0000e+00    4    4    3     2 |  0.0000e+00    4    4    3     2 |  0.0000e+00    4    4    3     2
 29  CBRATU3D   54    2:  |  1.2021e-15    4    5     0 |  0.0000e+00    4    4    3     2 |  0.0000e+00    4    4    3     2 |  0.0000e+00    4    4    3     2 |  0.0000e+00    4    4    3     2
 30     CHAIN  402  201:  |  5.1651e+00 1000  801     1 |  5.0692e+00 1001  244  243     0 |  5.0689e+00  410  408  407     2 |  5.0689e+00  426  424  423     2 |  5.0689e+00  442  440  439     2
 31  CHANDHEU   10   10:  |  6.2112e-09   13   14     0 |  0.0000e+00   10   10    9     2 |  0.0000e+00   10   10    9     2 |  0.0000e+00   10   10    9     2 |  0.0000e+00   10   10    9     2
 32   CLUSTER    2    2:  |  3.7778e-09   11   11     0 |  0.0000e+00    8    8    7     2 |  0.0000e+00    8    8    7     2 |  0.0000e+00    8    8    7     2 |  0.0000e+00    8    8    7     2
 33    CUBENE    2    2:  |  7.4316e-17   36   33     0 |  0.0000e+00   11    5    4     2 |  0.0000e+00    3    3    2     2 |  0.0000e+00    3    3    2     2 |  0.0000e+00    3    3    2     2
 34  DECONVNE   63   40:  |  4.5764e-07   40   35     0 |  0.0000e+00    2    2    1     2 |  0.0000e+00    2    2    1     2 |  0.0000e+00    2    2    1     2 |  0.0000e+00    2    2    1     2
 35  DRCAVTY1  196  100:  |  3.0577e-11   48   40     0 |  0.0000e+00   14    8    7     2 |  0.0000e+00    8    8    7     2 |  0.0000e+00    8    8    7     2 |  0.0000e+00    8    8    7     2
 36  DRCAVTY2  196  100:  |  5.4496e-03   66   57     8 |  0.0000e+00   32   11   10     2 |  0.0000e+00   34   22   21     2 |  0.0000e+00   11   11   10     2 |  0.0000e+00   11   11   10     2
 37  DRCAVTY3  196  100:  |  2.9487e-04   45   38     8 |  0.0000e+00 1001   74   73     0 |  0.0000e+00 1001  169  168     0 |  0.0000e+00 1001  241  240     0 |  0.0000e+00  668  271  270     2
 38    DTOC1L   58   36:  |  7.3593e-02   13   12     0 |  7.3595e-02   19   19   18     2 |  7.3595e-02   19   19   18     2 |  7.3595e-02   19   19   18     2 |  7.3595e-02   19   19   18     2
 39     DTOC2   58   36:  |  4.8598e-01   22   21     0 |  4.8598e-01   50   50   49     2 |  4.8598e-01   50   50   49     2 |  4.8598e-01   50   50   49     2 |  4.8598e-01   50   50   49     2
 40     DTOC3   29   18:  |  2.2459e+02   21   22     0 |  2.2459e+02    8    8    7     2 |  2.2459e+02    8    8    7     2 |  2.2459e+02    8    8    7     2 |  2.2459e+02    8    8    7     2
 41     DTOC4   29   18:  |  3.7508e+00   17   18     0 |  3.7508e+00    7    7    6     2 |  3.7508e+00    7    7    6     2 |  3.7508e+00    7    7    6     2 |  3.7508e+00    7    7    6     2
 42     DTOC5  199   99:  |  1.5326e+00   20   21     0 |  1.5326e+00   20   20   19     2 |  1.5326e+00   20   20   19     2 |  1.5326e+00   20   20   19     2 |  1.5326e+00   20   20   19     2
 43     DTOC6  201  100:  |  7.2795e+02   49   50     0 |  7.2798e+02   70   44   43     2 |  7.2798e+02  112  101  100     2 |  7.2798e+02  132  105  104     2 |  7.2798e+02  148  121  120     2
 44   EIGENA2  110   55:  |  1.8017e-25   38   35     0 |  7.1264e-21    4    3    2     2 |  7.1264e-21    6    6    5     2 |  7.1264e-21    8    8    7     2 |  7.1264e-21   10   10    9     2
 45  EIGENACO  110   55:  |  6.7121e-13   24   24     0 |  7.1264e-21    4    3    2     2 |  7.1264e-21    6    6    5     2 |  7.1264e-21    8    8    7     2 |  7.1264e-21   10   10    9     2
 46   EIGENAU  110  110:  |  1.4887e-12   24   22     0 |  0.0000e+00    2    2    1     2 |  0.0000e+00    2    2    1     2 |  0.0000e+00    2    2    1     2 |  0.0000e+00    2    2    1     2
 47    EIGENB  110  110:  |  1.4769e-09  181  149     0 |  0.0000e+00   47    9    8    -1 |  0.0000e+00   45    9    8    -1 |  0.0000e+00   45    9    8    -1 |  0.0000e+00   45    9    8    -1
 48   EIGENB2  110   55:  |  5.5367e-10   45   40     0 |  1.8000e+01    4    3    2     2 |  1.8000e+01    6    6    5     2 |  1.8000e+01    8    8    7     2 |  1.8000e+01   10   10    9     2
 49  EIGENBCO  110   55:  |  3.4450e-10  124  102     0 |  9.0000e+00    4    3    2     2 |  9.0000e+00    6    6    5     2 |  9.0000e+00    8    8    7     2 |  9.0000e+00   10   10    9     2
 50    EIGENC  462  462:  |  2.0266e-10  585  483     0 |  0.0000e+00   39   13   12     2 |  0.0000e+00   44   27   26     2 |  0.0000e+00   43   29   28     2 |  0.0000e+00   39   29   28     2
 51   EIGENC2  462  231:  |  1.3992e-11  623  517     0 |  3.7253e+01 1001   54   53     0 |  2.2792e+04 1001  196  195     0 |  1.3994e+07 1001  187  186     0 |  1.3994e+07 1001  187  186     0
 52  EIGENCCO  462  231:  |  2.2015e-11  290  239     0 |  3.6259e+01 1001   60   59     0 |  1.2473e+17 1001  334  333     0 |  8.1284e+18 1001  243  242     0 |  8.1284e+18 1001  243  242     0
 53      ELEC  300  100:  |  4.4484e+03   82   66     0 |  7.1806e+03  680   23   22    -1 |  1.6324e+03 1001  420  419     0 |  2.5724e+03 1001  549  548     0 |  9.9047e+02 1001  626  625     0
 54  FLOSP2TH  363  323:  |  8.9974e+00  255  255     8 |  0.0000e+00 1001   77   76     0 |  0.0000e+00    5    5    4    -3 |  0.0000e+00    7    7    6    -3 |  0.0000e+00    8    8    7    -3
 55  FLOSP2TM  363  323:  |  4.5862e+00 1000 1001     8 |  0.0000e+00  188   26   25     2 |  0.0000e+00  170   59   58     2 |  0.0000e+00   57   27   26     2 |  0.0000e+00   10   10    9     2
 56   GENHS28   10    8:  |  9.2717e-01    6    7     0 |  9.2717e-01    8    8    7     2 |  9.2717e-01    8    8    7     2 |  9.2717e-01    8    8    7     2 |  9.2717e-01    8    8    7     2
 57    GOTTFR    2    2:  |  9.6014e-12   30   26     0 |  0.0000e+00    9    6    5     2 |  0.0000e+00   11    9    8     2 |  0.0000e+00    8    8    7     2 |  0.0000e+00    8    8    7     2
 58  GRIDNETB  180  100:  |  4.7268e+01   21   22     0 |  4.7268e+01   44   44   43     2 |  4.7268e+01   44   44   43     2 |  4.7268e+01   44   44   43     2 |  4.7268e+01   44   44   43     2
 59  GRIDNETE  180  100:  |  5.0600e+01   21   22     0 |  5.0600e+01   50   50   49     2 |  5.0600e+01   50   50   49     2 |  5.0600e+01   50   50   49     2 |  5.0600e+01   50   50   49     2
 60    HAGER1   21   10:  |  8.8097e-01    7    8     0 |  8.8097e-01   10   10    9     2 |  8.8097e-01   10   10    9     2 |  8.8097e-01   10   10    9     2 |  8.8097e-01   10   10    9     2
 61    HAGER2   21   10:  |  4.3257e-01    8    9     0 |  4.3257e-01    8    8    7     2 |  4.3257e-01    8    8    7     2 |  4.3257e-01    8    8    7     2 |  4.3257e-01    8    8    7     2
 62    HAGER3   21   10:  |  1.4103e-01    7    8     0 |  1.4103e-01   11   11   10     2 |  1.4103e-01   11   11   10     2 |  1.4103e-01   11   11   10     2 |  1.4103e-01   11   11   10     2
 63   HATFLDF    3    3:  |  3.4889e-11   27   23     0 |  0.0000e+00 1001   47   46     0 |  0.0000e+00    8    8    7     2 |  0.0000e+00    8    8    7     2 |  0.0000e+00    8    8    7     2
 64   HATFLDG   25   25:  |  8.2302e-10   16   15     0 |  0.0000e+00   23    7    6     2 |  0.0000e+00   27   13   12     2 |  0.0000e+00   24   14   13     2 |  0.0000e+00   12   12   11     2
 65    HEART6    6    6:  |  7.5419e-02 1000  868     8 |  0.0000e+00   87   25   24     2 |  0.0000e+00 1001  241  240     0 |  0.0000e+00 1001  323  322     0 |  0.0000e+00 1001  395  394     0
 66    HEART8    8    8:  |  2.3419e-12  375  338     0 |  0.0000e+00   34   12   11     2 |  0.0000e+00   38   26   25     2 |  0.0000e+00   26   21   20     2 |  0.0000e+00   30   25   24     2
 67  HIMMELBA    2    2:  |  0.0000e+00    2    3     0 |  0.0000e+00    2    2    1     2 |  0.0000e+00    2    2    1     2 |  0.0000e+00    2    2    1     2 |  0.0000e+00    2    2    1     2
 68  HIMMELBC    2    2:  |  1.5603e-13    8    8     0 |  0.0000e+00    7    6    5     2 |  0.0000e+00    6    6    5     2 |  0.0000e+00    6    6    5     2 |  0.0000e+00    6    6    5     2
 69  HIMMELBE    3    3:  |  1.5777e-30    3    4     0 |  0.0000e+00    3    3    2     2 |  0.0000e+00    3    3    2     2 |  0.0000e+00    3    3    2     2 |  0.0000e+00    3    3    2     2
 70  HS100LNP    7    2:  |  6.8063e+02   33   31     0 |  6.8063e+02   48   18   17     2 |  6.8063e+02  373   98   97     2 |  5.7229e+04 1001  171  170     0 |  5.7229e+04 1001  171  170     0
 71  HS111LNP   10    3:  | -4.7761e+01   55   53     0 | -4.7761e+01 1001  165  164     0 | -4.7761e+01  131  106  105     2 | -4.7761e+01  304  227  226     2 | -4.7761e+01  193  164  163     2
 72      HS26    3    1:  |  6.3150e-09   39   34     0 |  7.7366e-10   27   20   19     2 |  5.8563e-10   35   28   27     2 |  5.8563e-10   35   28   27     2 |  5.8563e-10   35   28   27     2
 73      HS27    3    1:  |  4.0000e-02   16   16     0 |  4.0000e-02   39   26   25     2 |  4.0000e-02   32   30   29     2 |  4.0000e-02   37   35   34     2 |  4.0000e-02   37   35   34     2
 74      HS28    3    1:  |  4.8934e-30    3    4     0 |  4.8195e-12    9    8    7     2 |  4.8195e-12   11   11   10     2 |  4.8195e-12   13   13   12     2 |  4.8195e-12   15   15   14     2
 75      HS39    4    2:  | -1.0000e+00   20   21     0 | -1.0000e+00   25   19   18     2 | -1.0000e+00   29   27   26     2 | -1.0000e+00   49   42   41     2 | -1.0000e+00   55   48   47     2
 76      HS40    4    3:  | -2.5000e-01   10   11     0 | -2.5000e-01    5    5    4     2 | -2.5000e-01    5    5    4     2 | -2.5000e-01    5    5    4     2 | -2.5000e-01    5    5    4     2
 77      HS42    4    2:  |  1.3858e+01   12   13     0 |  1.3858e+01   11    7    6     2 |  1.3858e+01   18   18   17     2 |  1.3858e+01   24   24   23     2 |  1.3858e+01   30   30   29     2
 78      HS46    5    2:  |  3.1734e-10   26   24     0 |  1.2644e-07   15   11   10     2 |  8.0970e-10   53   40   39     2 |  2.9570e-10   55   40   39     2 |  2.9570e-10   55   40   39     2
 79      HS47    5    3:  |  8.7370e-11   21   21     0 |  9.0657e-09   29   19   18     2 | -2.6714e-02  221   87   86     2 | -2.6714e-02  171   52   51     2 | -2.6714e-02  171   52   51     2
 80      HS48    5    2:  |  6.9025e-31    3    4     0 |  4.1955e-14   12    9    8     2 |  4.1955e-14   16   15   14     2 |  4.1955e-14   20   19   18     2 |  4.1955e-14   24   23   22     2
 81      HS49    5    2:  |  2.2188e-08   15   16     0 |  6.7470e-08   25   21   20     2 |  6.7470e-08   26   23   22     2 |  6.7470e-08   26   23   22     2 |  6.7470e-08   26   23   22     2
 82      HS50    5    3:  |  5.3045e-13   12   13     0 |  3.8687e-12   24   14   13     2 |  3.8687e-12   27   19   18     2 |  3.8687e-12   28   20   19     2 |  3.8687e-12   28   20   19     2
 83      HS51    5    3:  |  2.5884e-31    2    3     0 |  7.9210e-12    9    8    7     2 |  7.9210e-12   11   11   10     2 |  7.9210e-12   13   13   12     2 |  7.9210e-12   15   15   14     2
 84      HS52    5    3:  |  5.3266e+00    6    7     0 |  5.3266e+00   13    7    6     2 |  5.3266e+00   15   10    9     2 |  5.3266e+00   17   12   11     2 |  5.3266e+00   19   14   13     2
 85      HS56    7    4:  | -3.4560e+00   19   17     0 | -3.4560e+00   13    8    7     2 | -3.4560e+00  118   85   84     2 | -4.2362e+24   28   28   27    -3 | -4.2362e+24   30   30   29    -3
 86       HS6    2    1:  |  2.7850e-14   56   49     0 |  2.6681e-01 1001   36   35     0 |  1.4912e+00 1001  133  132     0 |  3.2280e-15   18   17   16     2 |  3.2280e-15   20   19   18     2
 87      HS61    3    2:  | -1.4365e+02   19   18     0 | -1.4365e+02  211   19   18     2 | -1.4365e+02   48   19   18     2 | -1.4365e+02  204   62   61     2 | -1.4365e+02   60   31   30     2
 88       HS7    2    1:  | -1.7321e+00   18   18     0 | -1.7321e+00   37   12   11     2 | -1.7321e+00   44   24   23     2 | -1.7321e+00   50   30   29     2 | -1.7321e+00   56   36   35     2
 89      HS77    5    2:  |  2.4151e-01   24   22     0 |  9.0125e+01 1001   62   61     0 |  2.4151e-01   68   36   35     2 |  2.4151e-01   70   38   37     2 |  2.4151e-01   72   40   39     2
 90      HS78    5    3:  | -2.9197e+00   11   11     0 | -2.9197e+00    9    9    8     2 | -2.9197e+00    9    9    8     2 | -2.9197e+00    9    9    8     2 | -2.9197e+00    9    9    8     2
 91      HS79    5    3:  |  7.8777e-02    9   10     0 |  7.8777e-02   11   10    9     2 |  7.8777e-02   30   30   29     2 |  7.8777e-02   32   32   31     2 |  7.8777e-02   34   34   33     2
 92       HS8    2    2:  | -1.0000e+00   11   11     0 | -1.0000e+00    6    6    5     2 | -1.0000e+00    6    6    5     2 | -1.0000e+00    6    6    5     2 | -1.0000e+00    6    6    5     2
 93       HS9    2    1:  | -5.0000e-01    4    5     0 | -5.0000e-01    6    6    5     2 | -5.0000e-01    6    6    5     2 | -5.0000e-01    6    6    5     2 | -5.0000e-01    6    6    5     2
 94  HYDCAR20   99   99:  |  1.0177e-03 1000  978     8 |  0.0000e+00   12   10    9     2 |  0.0000e+00    9    9    8     2 |  0.0000e+00    9    9    8     2 |  0.0000e+00    9    9    8     2
 95   HYDCAR6   29   29:  |  1.5810e-05 1000  981     8 |  0.0000e+00    6    5    4     2 |  0.0000e+00    6    6    5     2 |  0.0000e+00    6    6    5     2 |  0.0000e+00    6    6    5     2
 96    HYPCIR    2    2:  |  4.1941e-15    8    8     0 |  0.0000e+00    6    5    4     2 |  0.0000e+00    6    6    5     2 |  0.0000e+00    6    6    5     2 |  0.0000e+00    6    6    5     2
 97  INTEGREQ  102  100:  |  2.6462e-11    3    4     0 |  0.0000e+00    3    3    2     2 |  0.0000e+00    3    3    2     2 |  0.0000e+00    3    3    2     2 |  0.0000e+00    3    3    2     2
 98       LCH  300    1:  | -4.2887e+00   33   33     0 |  3.8633e+04  652   28   27    -1 | -7.2880e+13  163   10    9    -1 | -7.2880e+13  163   10    9    -1 | -7.2880e+13  163   10    9    -1
 99   MARATOS    2    1:  | -1.0000e+00    7    8     0 | -1.0000e+00    4    4    3     2 | -1.0000e+00    4    4    3     2 | -1.0000e+00    4    4    3     2 | -1.0000e+00    4    4    3     2
100  METHANB8   31   31:  |  9.8942e-07  149  150     0 |  0.0000e+00    3    3    2     2 |  0.0000e+00    3    3    2     2 |  0.0000e+00    3    3    2     2 |  0.0000e+00    3    3    2     2
101  METHANL8   31   31:  |  5.7801e-07  692  686     0 |  0.0000e+00    5    5    4     2 |  0.0000e+00    5    5    4     2 |  0.0000e+00    5    5    4     2 |  0.0000e+00    5    5    4     2
102    MSQRTA    4    4:  |  6.2623e-12   15   15     0 |  0.0000e+00    6    4    3     2 |  0.0000e+00    7    7    6     2 |  0.0000e+00    7    7    6     2 |  0.0000e+00    7    7    6     2
103    MSQRTB    9    9:  |  4.8784e-11   13   12     0 |  0.0000e+00    9    6    5     2 |  0.0000e+00    7    7    6     2 |  0.0000e+00    7    7    6     2 |  0.0000e+00    7    7    6     2
104   MWRIGHT    5    3:  |  2.4979e+01   20   20     0 |  2.4979e+01   24   10    9     2 |  1.2884e+00   88   33   32     2 |  1.2884e+00   88   33   32     2 |  1.2884e+00   88   33   32     2
105  OPTCTRL3  122   80:  |  2.0480e+03   61   62     0 |  2.8352e+09 1001   34   33     0 |  3.2635e+05  278   19   18    -1 |  3.2635e+05  278   19   18    -1 |  3.2635e+05  278   19   18    -1
106  OPTCTRL6  122   80:  |  2.0480e+03   61   62     0 |  2.8352e+09 1001   34   33     0 |  3.2635e+05  278   19   18    -1 |  3.2635e+05  278   19   18    -1 |  3.2635e+05  278   19   18    -1
107  ORTHRDM2  203  100:  |  7.7757e+00  370  321     0 |  7.7757e+00   12   11   10     2 |  7.7757e+00   12   12   11     2 |  7.7757e+00   12   12   11     2 |  7.7757e+00   12   12   11     2
108  ORTHRDS2  203  100:  |  3.0436e+01  650  560     3 |  3.0437e+01   51   33   32     2 |  3.5825e+02 1001  759  758     0 |  3.5157e+02 1001  788  787     0 |  3.4384e+02 1001  824  823     0
109  ORTHREGA  133   64:  |  3.5030e+02  111  106     0 |  4.1452e+02 1001  139  138     0 |  3.7547e+02 1001  958  957     0 |  4.9829e+02 1001  972  971     0 |  4.7195e+02 1001  979  978     0
110  ORTHREGB   27    6:  |  1.8487e-12   98   87     0 |  4.3324e-12    7    7    6     2 |  4.3324e-12    7    7    6     2 |  4.3324e-12    7    7    6     2 |  4.3324e-12    7    7    6     2
111  ORTHREGC   25   10:  |  3.9905e-01   42   36     0 |  3.9906e-01   23   18   17     2 |  3.9906e-01   38   30   29     2 |  3.9906e-01   44   36   35     2 |  3.9906e-01   50   42   41     2
112  ORTHREGC  105   50:  |  4.7694e+00   88   72     0 |  1.9755e+00   42   27   26     2 |  1.9755e+00   52   40   39     2 |  1.9755e+00   62   50   49     2 |  1.9755e+00   72   60   59     2
113  ORTHRGDS  155   76:  |  1.1365e+02 1000  846     1 |  4.4544e+01  345   99   98    -1 |  4.4544e+01  238  187  186     2 |  2.3442e+01   24   24   23     2 |  2.3442e+01   26   26   25     2
114  POWELLBS    2    2:  |  4.6050e-06   47   42     0 |  0.0000e+00  184   41   40     2 |  0.0000e+00  122   67   66     2 |  0.0000e+00   12   12   11     2 |  0.0000e+00   12   12   11     2
115  POWELLSQ    2    2:  |  7.9411e-22   18   16     0 |  0.0000e+00 1001   55   54     0 |  0.0000e+00   37   31   30     2 |  0.0000e+00   28   28   27     2 |  0.0000e+00   28   28   27     2
116    RECIPE    3    3:  |  6.9222e-09   16   17     0 |  0.0000e+00   12   12   11     2 |  0.0000e+00   12   12   11     2 |  0.0000e+00   12   12   11     2 |  0.0000e+00   12   12   11     2
117   RSNBRNE    2    2:  |  5.9301e-13   30   26     0 |  0.0000e+00   22    8    7     2 |  0.0000e+00    3    3    2     2 |  0.0000e+00    3    3    2     2 |  0.0000e+00    3    3    2     2
118  S316-322    2    1:  |  3.3431e+02   23   24     0 |  3.3431e+02   13    7    6     2 |  3.3431e+02   24   15   14     2 |  3.3431e+02   20   20   19     2 |  3.3431e+02   32   23   22     2
119  SINVALNE    2    2:  |  5.6182e-28   33   30     0 |  0.0000e+00   30    6    5     2 |  0.0000e+00    3    3    2     2 |  0.0000e+00    3    3    2     2 |  0.0000e+00    3    3    2     2
120   TRIGGER    7    6:  |  2.7657e-16   21   20     0 |  0.0000e+00  153   37   36     2 |  0.0000e+00   51   31   30     2 |  0.0000e+00   16   16   15     2 |  0.0000e+00   16   16   15     2
121   YATP1SQ  120  120:  |  1.3465e-10   46   39     0 |  0.0000e+00    6    6    5     2 |  0.0000e+00    6    6    5     2 |  0.0000e+00    6    6    5     2 |  0.0000e+00    6    6    5     2
122   YATP2SQ  120  120:  |  1.8503e+04  293  270     8 |  0.0000e+00   26    8    7     2 |  0.0000e+00 1001  147  146     0 |  0.0000e+00 1001  201  200     0 |  0.0000e+00 1001  251  250     0
123  ZANGWIL3    3    3:  |  3.7865e-29    7    8     0 |  0.0000e+00    2    2    1     2 |  0.0000e+00    2    2    1     2 |  0.0000e+00    2    2    1     2 |  0.0000e+00    2    2    1     2
124       CB2    3    3:  |  1.9522e+00   13   14     0 |  1.9522e+00    8    8    7     2 |  1.9522e+00    8    8    7     2 |  1.9522e+00    8    8    7     2 |  1.9522e+00    8    8    7     2
125       CB3    3    3:  |  2.0000e+00   13   14     0 |  2.0000e+00    6    6    5     2 |  2.0000e+00    6    6    5     2 |  2.0000e+00    6    6    5     2 |  2.0000e+00    6    6    5     2
126  CHARDIS1   40   19:  |  2.6450e+02  105   87     0 |  3.1862e-08  252   60   59     2 |  3.0952e-08  350  222  221     2 |  3.4547e-08  747  476  475     2 |  4.0904e-03 1001  624  623     0
127   ELATTAR    7  102:  |  7.4206e+01  302  254     3 |  7.4206e+01    7    7    6     2 |  7.4206e+01    7    7    6     2 |  7.4206e+01    7    7    6     2 |  7.4206e+01    7    7    6     2
128   EXPFITA    5   22:  |  1.1366e-03   16   17     0 |  1.3308e-03   11   11   10     2 |  1.3308e-03   11   11   10     2 |  1.3308e-03   11   11   10     2 |  1.3308e-03   11   11   10     2
129   EXPFITB    5  102:  |  5.0194e-03   65   66     0 |  5.0194e-03   32   27   26     2 |  5.0194e-03   41   40   39     2 |  5.0194e-03   45   44   43     2 |  5.0194e-03   49   48   47     2
130  GIGOMEZ1    3    3:  | -3.0000e+00   27   25     0 | -2.6060e+00    4    4    3     2 | -2.6060e+00    4    4    3     2 | -2.6060e+00    4    4    3     2 | -2.6060e+00    4    4    3     2
131  GIGOMEZ2    3    3:  |  1.9522e+00   12   13     0 |  1.9522e+00    8    8    7     2 |  1.9522e+00    8    8    7     2 |  1.9522e+00    8    8    7     2 |  1.9522e+00    8    8    7     2
132  GIGOMEZ3    3    3:  |  2.0000e+00   13   13     0 |  2.0000e+00    6    6    5     2 |  2.0000e+00    6    6    5     2 |  2.0000e+00    6    6    5     2 |  2.0000e+00    6    6    5     2
133  GMNCASE1  175  300:  |  2.6673e-01   27   28     0 |  2.6697e-01   17   14   13     2 |  2.6697e-01   21   20   19     2 |  2.6697e-01   25   24   23     2 |  2.6697e-01   29   28   27     2
134    HAIFAM   99  150:  | -4.5000e+01 1000  910     1 | -4.5000e+01 1001  767  766     0 | -4.5000e+01 1001  990  989     0 | -4.5000e+01 1001  998  997     0 | -4.5000e+01 1001  998  997     0
135     HET-Z    2  202:  |  9.9995e-01   71   64     0 |  1.0000e+00    2    2    1     2 |  1.0000e+00    2    2    1     2 |  1.0000e+00    2    2    1     2 |  1.0000e+00    2    2    1     2
136      HS10    2    1:  | -1.0000e+00   17   18     0 | -1.0000e+00   12   11   10     2 | -1.0000e+00   20   16   15     2 | -1.0000e+00   22   18   17     2 | -1.0000e+00   24   20   19     2
137     HS100    7    4:  |  6.8063e+02   49   44     0 |  6.8063e+02   38   16   15     2 |  6.8063e+02  407  151  150     2 |  6.8063e+02  381  149  148     2 |  6.8063e+02  381  148  147     2
138  HS100MOD    7    4:  |  6.7868e+02  135  127     3 |  6.7868e+02   40   14   13     2 |  6.7868e+02  155   63   62     2 |  6.7868e+02  329  114  113     2 |  6.7868e+02  839  192  191     2
139      HS11    2    1:  | -8.4985e+00   15   16     0 | -8.4985e+00    7    7    6     2 | -8.4985e+00    7    7    6     2 | -8.4985e+00    7    7    6     2 | -8.4985e+00    7    7    6     2
140     HS113   10    8:  |  2.4306e+01   90   74     0 |  2.4306e+01   27   15   14     2 |  2.4306e+01   38   33   32     2 |  2.4306e+01  239  188  187     2 |  2.4307e+01  167  149  148     2
141      HS12    2    1:  | -3.0000e+01   23   22     0 | -3.0000e+01   12    7    6     2 | -3.0000e+01   15   13   12     2 | -3.0000e+01   20   18   17     2 | -3.0000e+01   15   15   14     2
142      HS22    2    2:  |  1.0000e+00    9   10     0 |  1.0000e+00    4    4    3     2 |  1.0000e+00    4    4    3     2 |  1.0000e+00    4    4    3     2 |  1.0000e+00    4    4    3     2
143     HS268    5    5:  |  7.2760e-12   17   18     0 |  1.8845e-09   54   17   16     2 |  1.8845e-09   58   24   23     2 |  1.8845e-09   60   26   25     2 |  1.8845e-09   62   28   27     2
144      HS29    3    1:  | -2.2627e+01   30   27     0 | -2.2627e+01   13    9    8     2 | -2.2627e+01   32   23   22     2 | -2.2627e+01  317  158  157     2 | -2.2627e+01  285  145  144     2
145      HS43    4    3:  | -4.4000e+01   22   21     0 | -4.4000e+01   16    9    8     2 | -4.4000e+01   16   16   15     2 | -4.4000e+01   18   18   17     2 | -4.4000e+01   20   20   19     2
146      HS88    2    1:  |  1.3601e+00   53   53     0 |  1.3986e+00  977   76   75    -1 |  4.9857e+02  282  234  233     1 |  3.7247e+04  250  223  222     1 |  2.1355e+03  122  121  120     1
147      HS89    3    1:  |  1.3601e+00   64   61     0 |  1.4044e+00  168   45   44    -1 |  1.8471e+03   38   26   25     1 |  9.0828e+03   52   42   41     1 |  9.0828e+03   60   50   49     1
148      HS90    4    1:  |  1.3601e+00   57   57     0 |  1.4238e+00  160   42   41    -1 |  1.2196e+00 1001  821  820     0 |  1.8113e+06  472  438  437     1 |  3.0190e+06   58   53   52     1
149      HS91    5    1:  |  1.3616e+00   68   61     0 |  1.4021e+00  157   38   37    -1 |  8.9436e-01 1001  883  882     0 |  5.5322e+06   73   66   65     1 |  5.5322e+06   89   82   81     1
150      HS92    6    1:  |  1.3601e+00   55   54     0 |  1.4299e+00  156   41   40    -1 |  9.8814e-01 1001  863  862     0 |  4.3576e+06  156  146  145     1 |  3.6554e+03   84   81   80     1
151   LISWET1  103  100:  |  2.4718e-01   34   36     0 |  2.4750e-01    2    2    1     2 |  2.4750e-01    2    2    1     2 |  2.4750e-01    2    2    1     2 |  2.4750e-01    2    2    1     2
152  LISWET10  103  100:  |  2.5057e-01   25   26     0 |  2.5076e-01    2    2    1     2 |  2.5076e-01    2    2    1     2 |  2.5076e-01    2    2    1     2 |  2.5076e-01    2    2    1     2
153  LISWET11  103  100:  |  1.6227e+00   68   51     0 |  1.6661e+00    2    2    1     2 |  1.6661e+00    2    2    1     2 |  1.6661e+00    2    2    1     2 |  1.6661e+00    2    2    1     2
154  LISWET12  103  100:  |  2.0448e+01   51   51     3 |  2.0798e+01    2    2    1     2 |  2.0798e+01    2    2    1     2 |  2.0798e+01    2    2    1     2 |  2.0798e+01    2    2    1     2
155   LISWET2  103  100:  |  2.5142e-01   43   35     0 |  2.5299e-01    2    2    1     2 |  2.5299e-01    2    2    1     2 |  2.5299e-01    2    2    1     2 |  2.5299e-01    2    2    1     2
156   LISWET3  103  100:  |  2.5142e-01   33   34     0 |  2.5299e-01    2    2    1     2 |  2.5299e-01    2    2    1     2 |  2.5299e-01    2    2    1     2 |  2.5299e-01    2    2    1     2
157   LISWET4  103  100:  |  2.5111e-01   32   34     0 |  2.5134e-01    2    2    1     2 |  2.5134e-01    2    2    1     2 |  2.5134e-01    2    2    1     2 |  2.5134e-01    2    2    1     2
158   LISWET5  103  100:  |  2.5135e-01   33   34     0 |  2.5196e-01    2    2    1     2 |  2.5196e-01    2    2    1     2 |  2.5196e-01    2    2    1     2 |  2.5196e-01    2    2    1     2
159   LISWET6  103  100:  |  2.5146e-01   31   32     0 |  2.5401e-01    2    2    1     2 |  2.5401e-01    2    2    1     2 |  2.5401e-01    2    2    1     2 |  2.5401e-01    2    2    1     2
160   LISWET7  103  100:  |  2.6262e-01   37   38     0 |  2.6923e-01    2    2    1     2 |  2.6923e-01    2    2    1     2 |  2.6923e-01    2    2    1     2 |  2.6923e-01    2    2    1     2
161   LISWET8  103  100:  |  2.6790e-01   33   34     0 |  2.6887e-01    2    2    1     2 |  2.6887e-01    2    2    1     2 |  2.6887e-01    2    2    1     2 |  2.6887e-01    2    2    1     2
162   LISWET9  102  100:  |  1.9939e+01   39   40     0 |  1.9949e+01    2    2    1     2 |  1.9949e+01    2    2    1     2 |  1.9949e+01    2    2    1     2 |  1.9949e+01    2    2    1     2
163    MADSEN    3    6:  |  6.1643e-01   28   26     0 |  8.8660e-01    4    4    3     2 |  8.8660e-01    4    4    3     2 |  8.8660e-01    4    4    3     2 |  8.8660e-01    4    4    3     2
164  MINMAXRB    3    4:  | -8.0309e-17   86   75     0 |  1.7333e+00    2    2    1     2 |  1.7333e+00    2    2    1     2 |  1.7333e+00    2    2    1     2 |  1.7333e+00    2    2    1     2
165      OET1    3  202:  |  5.3820e-01   28   29     0 |  5.3848e-01    2    2    1     2 |  5.3848e-01    2    2    1     2 |  5.3848e-01    2    2    1     2 |  5.3848e-01    2    2    1     2
166      OET2    3  202:  |  8.7149e-02   46   43     0 |  6.6667e-01    2    2    1     2 |  6.6667e-01    2    2    1     2 |  6.6667e-01    2    2    1     2 |  6.6667e-01    2    2    1     2
167      OET3    4  202:  |  4.5016e-03   32   33     0 |  1.1153e-01    2    2    1     2 |  1.1153e-01    2    2    1     2 |  1.1153e-01    2    2    1     2 |  1.1153e-01    2    2    1     2
168      OET4    4  202:  |  4.2928e-03   49   48     0 |  2.5345e-01    2    2    1     2 |  2.5345e-01    2    2    1     2 |  2.5345e-01    2    2    1     2 |  2.5345e-01    2    2    1     2
169      OET5    5  202:  |  2.6704e-03 1000  971     1 |  2.5936e-03 1001   89   88     0 |  2.5649e-03 1001  240  239     0 |  2.5667e-03 1001  320  319     0 |  1.3136e-03 1001  453  452     0
170      OET6    5  202:  |  2.0680e-03  212  188     0 |  6.6667e-01    2    2    1     2 |  6.6667e-01    2    2    1     2 |  6.6667e-01    2    2    1     2 |  6.6667e-01    2    2    1     2
171  POWELL20   10   10:  |  5.7812e+01   20   21     0 |  5.7812e+01    2    2    1     2 |  5.7812e+01    2    2    1     2 |  5.7812e+01    2    2    1     2 |  5.7812e+01    2    2    1     2
172      S268    5    5:  |  7.2760e-12   17   18     0 |  1.8845e-09   54   17   16     2 |  1.8845e-09   58   24   23     2 |  1.8845e-09   60   26   25     2 |  1.8845e-09   62   28   27     2
173     SNAKE    2    2:  | -3.5437e+02 1000  855     1 |  3.8634e-06   72    7    6     2 | -9.7984e-05   38    9    8     2 | -9.7984e-05   40   11   10     2 | -9.7984e-05   42   13   12     2
174    SPIRAL    3    2:  |  3.6432e-07   85   77     0 |  1.9645e-02 1001  321  320     0 | -9.3919e-09  217  211  210     2 |  1.3389e+07 1001  506  505     0 |  1.8992e+07 1001  659  658     0
175   WOMFLET    3    3:  | -1.5898e-06   44   38     0 |  4.7137e+00    7    5    4     2 |  4.0367e+00    6    6    5     2 |  4.0367e+00    6    6    5     2 |  4.0367e+00    6    6    5     2
176  CHACONN1    3    3:  |  1.9522e+00   12   12     0 |  1.9522e+00    7    7    6     2 |  1.9522e+00    7    7    6     2 |  1.9522e+00    7    7    6     2 |  1.9522e+00    7    7    6     2
177  CHACONN2    3    3:  |  2.0000e+00   15   15     0 |  2.0000e+00    6    6    5     2 |  2.0000e+00    6    6    5     2 |  2.0000e+00    6    6    5     2 |  2.0000e+00    6    6    5     2
178  CONGIGMZ    3    5:  |  2.8000e+01   37   35     0 |  2.8000e+01   57   20   19    -1 |  2.8000e+01   78   78   77     2 |  2.8000e+01  104  104  103     2 |  2.8000e+01  119  119  118     2
179  DEMYMALO    3    3:  | -3.0000e+00   27   25     0 | -3.0000e+00    8    8    7     2 | -3.0000e+00    8    8    7     2 | -3.0000e+00    8    8    7     2 | -3.0000e+00    8    8    7     2
180   DIPIGRI    7    4:  |  6.8063e+02   58   52     0 |  6.8063e+02   38   16   15     2 |  6.8063e+02  354  121  120     2 |  6.8063e+02  344  124  123     2 |  6.8063e+02  348  128  127     2
181    GOFFIN   51   50:  |  4.6281e-08   18   19     0 |  1.8314e+01    2    2    1     2 |  1.8314e+01    2    2    1     2 |  1.8314e+01    2    2    1     2 |  1.8314e+01    2    2    1     2
182    HAIFAS   13    9:  | -4.5000e-01   25   23     0 | -4.5000e-01   24   12   11     2 | -4.5000e-01   23   22   21     2 | -4.5000e-01   10   10    9     2 | -4.5000e-01   10   10    9     2
183  HALDMADS    6   42:  |  1.2071e-04   56   54     0 |  1.2193e-04   11   10    9     2 |  1.2236e-04   18   18   17     2 |  1.2236e-04   18   18   17     2 |  1.2236e-04   18   18   17     2
184  KIWCRESC    3    2:  |  9.4508e-07   24   22     0 | -7.6427e-10   10    9    8     2 | -1.2192e-09   16   16   15     2 | -1.2192e-09   18   18   17     2 | -1.2192e-09   20   20   19     2
185   MAKELA1    3    2:  | -1.4142e+00   17   16     0 | -1.2381e+00    4    4    3     2 | -1.2381e+00    4    4    3     2 | -1.2381e+00    4    4    3     2 | -1.2381e+00    4    4    3     2
186   MAKELA2    3    3:  |  7.2000e+00   28   28     0 |  7.2000e+00   11    9    8     2 |  7.2000e+00   10   10    9     2 |  7.2000e+00   10   10    9     2 |  7.2000e+00   10   10    9     2
187   MAKELA3   21   20:  |  7.1739e-07   94   81     0 |  8.8203e-09   29   20   19     2 |  1.4808e-08   21   21   20     2 |  1.4808e-08   21   21   20     2 |  1.4808e-08   21   21   20     2
188   MAKELA4   21   40:  |  2.1125e-15    7    8     0 |  1.4857e+01    2    2    1     2 |  1.4857e+01    2    2    1     2 |  1.4857e+01    2    2    1     2 |  1.4857e+01    2    2    1     2
189  MIFFLIN1    3    2:  | -1.0000e+00   11   12     0 | -1.0000e+00    6    6    5     2 | -1.0000e+00    6    6    5     2 | -1.0000e+00    6    6    5     2 | -1.0000e+00    6    6    5     2
190  MIFFLIN2    3    2:  | -1.0000e+00   43   38     0 | -1.0000e+00    9    8    7     2 | -1.0000e+00    9    9    8     2 | -1.0000e+00    9    9    8     2 | -1.0000e+00    9    9    8     2
191  MINMAXBD    5   20:  |  1.1571e+02  647  538     0 |  1.1571e+02  129  122  121     2 |  1.1571e+02   66   63   62     2 |  1.1571e+02   68   65   64     2 |  1.1571e+02   64   61   60     2
192  PENTAGON    6   15:  |  1.5092e-04   10   11     0 |  1.3652e-04   40   37   36     2 |  1.4621e-04   32   32   31     2 |  1.4621e-04   32   32   31     2 |  1.4621e-04   32   32   31     2
193    POLAK1    3    2:  |  2.7183e+00   35   33     0 |  2.7183e+00   11   11   10     2 |  2.7183e+00   11   11   10     2 |  2.7183e+00   11   11   10     2 |  2.7183e+00   11   11   10     2
194    POLAK2   11    2:  |  5.4598e+01   27   25     0 |  4.4272e+01  971   58   57    -1 |  5.1083e+01 1001   91   90     0 |  3.1620e+01 1001  120  119     0 | -1.1188e+03 1001   79   78     0
195    POLAK3   12   10:  |  5.9330e+00  162  138     0 |  5.9330e+00   86   80   79     2 |  5.9330e+00  143  138  137     2 |  5.9330e+00  153  148  147     2 |  5.9330e+00  122  101  100     2
196    POLAK4    3    3:  |  3.4452e-06   18   16     3 | -1.8714e-09 1001  505  504     0 | -1.8714e-09 1001 1001 1000     0 | -4.1636e-09 1001 1001 1000     0 | -1.8714e-09 1001 1001 1000     0
197    POLAK5    3    2:  |  5.0000e+01   11   12     0 |  5.0000e+01    4    4    3     2 |  5.0000e+01    4    4    3     2 |  5.0000e+01    4    4    3     2 |  5.0000e+01    4    4    3     2
198    POLAK6    5    4:  | -4.4000e+01  410  343     0 | -4.4000e+01   90   26   25     2 | -4.4000e+01  123   48   47     2 | -4.4000e+01   50   40   39     2 | -4.4000e+01   54   44   43     2
199  ROSENMMX    5    4:  | -4.4000e+01  123  105     0 | -4.4000e+01   38   16   15     2 | -4.4000e+01  115   61   60     2 | -4.4000e+01  139   85   84     2 | -4.4000e+01  163  109  108     2
200      TFI1    3  101:  |  5.3347e+00   46   41     0 |  5.3347e+00   16   16   15     2 |  5.3347e+00   16   16   15     2 |  5.3347e+00   16   16   15     2 |  5.3347e+00   16   16   15     2
201      TFI2    3  101:  |  6.4903e-01   25   26     0 |  7.1101e-01    2    2    1     2 |  7.1101e-01    2    2    1     2 |  7.1101e-01    2    2    1     2 |  7.1101e-01    2    2    1     2
202      TFI3    3  101:  |  4.3011e+00   25   26     0 |  4.3012e+00    4    4    3     2 |  4.3012e+00    4    4    3     2 |  4.3012e+00    4    4    3     2 |  4.3012e+00    4    4    3     2
